-1.512746205770000074e+02 6.055163842200010293e+01
-1.514158094349999999e+02 6.052316172300000119e+01
-1.514438819179999882e+02 6.051328021500010124e+01
-1.514742619440000055e+02 6.050287418100000281e+01
-1.515549257019999914e+02 6.045956800100000095e+01
-1.515623523019999936e+02 6.045394624400010031e+01
-1.515956170830000076e+02 6.042519104800000207e+01
-1.516756663779999883e+02 6.032666339899999741e+01
-1.519944125030000066e+02 5.993037590600010134e+01
-1.519979816970000002e+02 5.992692568799999719e+01
-1.520008370509999907e+02 5.992430828199999837e+01
-1.520034544609999898e+02 5.992109600900000288e+01
-1.520044514930000048e+02 5.991727239400010063e+01
-1.521233610499999998e+02 5.976803532299999944e+01
-1.521244760429999872e+02 5.973847093799999897e+01
-1.521160671519999994e+02 5.972311541100000198e+01
-1.520984549990000119e+02 5.970710435000010108e+01
-1.520425293669999860e+02 5.968133267300000000e+01
-1.520417629920000024e+02 5.968049662800009969e+01
-1.520415957840000090e+02 5.967906141700009925e+01
-1.520410941570000034e+02 5.967865732799999989e+01
-1.520390597800000023e+02 5.967885240500000066e+01
-1.520372065470000109e+02 5.967881060199999865e+01
-1.519938065709999933e+02 5.965850253299999650e+01
-1.519413687869999876e+02 5.963532141799999664e+01
-1.519044777230000136e+02 5.962549826700009703e+01
-1.518844811380000124e+02 5.962300093599999684e+01
-1.517196485489999986e+02 5.960083039000009819e+01
-1.516816338890000111e+02 5.959769539199999855e+01
-1.516509810260000108e+02 5.959766829500009777e+01
-1.516158118239999908e+02 5.960266294500009820e+01
-1.515928148460000102e+02 5.960949915100010088e+01
-1.515846491220000019e+02 5.961316429300009645e+01
-1.515711473800000135e+02 5.961933574400009661e+01
-1.515603136450000079e+02 5.962566889300010331e+01
-1.515496416089999911e+02 5.963266679900009848e+01
-1.515417004630000122e+02 5.963767043600009998e+01
