-1.515413060840000128e+02 5.963758958800009680e+01
-1.515427254290000008e+02 5.963650262200010133e+01
-1.515488879010000005e+02 5.963249611800009831e+01
-1.515579039849999958e+02 5.962420256700009702e+01
-1.515782180399999959e+02 5.960866371200010150e+01
-1.515785594019999962e+02 5.960833133400009842e+01
-1.515808860489999859e+02 5.960833133400009842e+01
-1.515802212929999939e+02 5.960766657800009938e+01
-1.515802212929999939e+02 5.960716351899999665e+01
-1.515805536720000077e+02 5.960649876299999761e+01
-1.516147257519999982e+02 5.958066310499999929e+01
-1.516220371910000040e+02 5.957643625600010040e+01
-1.516303985229999967e+02 5.957261139399999905e+01
-1.516395553039999982e+02 5.956916462200010187e+01
-1.516506791989999954e+02 5.956611802300010083e+01
-1.516600189849999936e+02 5.956158155899999684e+01
-1.516742214520000118e+02 5.955749545999999839e+01
-1.519917147820000025e+02 5.944541249400000282e+01
-1.520005539640000052e+02 5.944032772399999942e+01
-1.520238923059999934e+02 5.942833516500009949e+01
-1.520363879319999967e+02 5.942033114100009783e+01
-1.520481092999999930e+02 5.941401304099999692e+01
-1.520523870039999963e+02 5.941049454699999899e+01
-1.520610960509999927e+02 5.940636331500009959e+01
-1.520943634840000129e+02 5.938234673400010166e+01
-1.521091069089999905e+02 5.936630623000009876e+01
-1.521223828530000048e+02 5.935023567300000025e+01
-1.521330471530000068e+02 5.930734055400009908e+01
-1.521337478460000057e+02 5.930108825200009903e+01
-1.521306935679999981e+02 5.929000299100000149e+01
-1.520923177219999900e+02 5.922410411599999946e+01
-1.520343221569999912e+02 5.915454495699999882e+01
-1.520240541699999994e+02 5.914933515399999919e+01
-1.520192212149999875e+02 5.914666714500000211e+01
-1.520155392199999937e+02 5.914237090000000308e+01
-1.520014105619999896e+02 5.911905377500009706e+01
-1.519897383990000037e+02 5.910795856099999668e+01
-1.519681607850000091e+02 5.908328172699999925e+01
-1.519610191529999952e+02 5.907349004499999978e+01
-1.519472398530000135e+02 5.906319296600000257e+01
-1.519428812890000131e+02 5.905901230100010224e+01
-1.519333868660000064e+02 5.904985526000010054e+01
-1.518400784979999969e+02 5.895609765900010046e+01
-1.518345807890000003e+02 5.894880330600010154e+01
-1.518233877579999955e+02 5.890174035600009717e+01
-1.518193293980000078e+02 5.889427629000010000e+01
-1.518226205649999940e+02 5.888511440799999974e+01
-1.518216421260000004e+02 5.886136467300009656e+01
-1.518193094220000035e+02 5.884447249900009780e+01
-1.517923775330000069e+02 5.875578064000009704e+01
-1.517879581379999934e+02 5.874391463100010213e+01
-1.517770781010000007e+02 5.871610879500010327e+01
-1.517786792109999965e+02 5.870961542200009831e+01
-1.517776118090000068e+02 5.870543475699999902e+01
-1.517753880530000004e+02 5.870214359400009840e+01
-1.517701399899999899e+02 5.869307066100000014e+01
-1.517658325710000042e+02 5.867952309999999727e+01
-1.517613140269999974e+02 5.867601965400010045e+01
-1.517601462140000024e+02 5.867367503999999911e+01
-1.517600886170000081e+02 5.867047727800009937e+01
-1.517642692850000117e+02 5.866567396199999962e+01
-1.517647140379999939e+02 5.866291650200000163e+01
-1.517636466360000043e+02 5.865971429000010318e+01
-1.517572422169999982e+02 5.865259826400009757e+01
-1.517536842080000099e+02 5.864823969700010053e+01
-1.517499483020000071e+02 5.863427449699999983e+01
-1.517313577170000087e+02 5.858090430300010354e+01
-1.517296676690000083e+02 5.856613855000009750e+01
-1.517138289620000080e+02 5.851676559999999938e+01
-1.517053129040000101e+02 5.849986821200010212e+01
-1.516971202469999866e+02 5.847530816199999748e+01
-1.516895743800000105e+02 5.844938266500000168e+01
-1.516864482350000003e+02 5.843650076600010124e+01
-1.516857205999999962e+02 5.843079643800010103e+01
-1.516771686159999888e+02 5.840369414300000273e+01
-1.516770428510000102e+02 5.840328091599999993e+01
-1.516770428510000102e+02 5.840328091599999993e+01
-1.516694781349999914e+02 5.837966410100010251e+01
-1.516689750769999989e+02 5.837783152899999806e+01
-1.516683103219999964e+02 5.837549589900000058e+01
-1.516623095669999941e+02 5.834583339499999965e+01
-1.516589768100000128e+02 5.832999602500009928e+01
-1.516538114820000089e+02 5.831750040200009977e+01
-1.516528143490000105e+02 5.831533545199999935e+01
-1.516524819709999861e+02 5.831432933500010307e+01
-1.516523112900000001e+02 5.831366457800000092e+01
-1.516521495940000079e+02 5.831233506600010230e+01
-1.516518082329999970e+02 5.831083487299999746e+01
-1.516516465359999870e+02 5.830966705700009811e+01
-1.516514758559999905e+02 5.830916399900009850e+01
-1.516516465370000049e+02 5.830866992300010310e+01
-1.516516465370000049e+02 5.830799618399999673e+01
-1.516518082350000043e+02 5.830766380500009660e+01
-1.516528143529999966e+02 5.830649599000000194e+01
-1.516531467320000104e+02 5.830600191500010254e+01
-1.516534791100000064e+02 5.830566953699999999e+01
-1.516536497909999923e+02 5.830532817600000328e+01
-1.516536497909999923e+02 5.830499579800000021e+01
-1.516538114889999918e+02 5.830483410000000077e+01
-1.516538114889999918e+02 5.830433104100009700e+01
-1.516536497920000102e+02 5.830366628500009796e+01
-1.516534791120000136e+02 5.830249847000000329e+01
-1.516534791120000136e+02 5.830216609200000022e+01
-1.516533084309999992e+02 5.830166303300009645e+01
-1.516526436759999967e+02 5.830082759599999775e+01
-1.516521496009999908e+02 5.829983046100009858e+01
-1.516519789209999942e+02 5.829949808300010261e+01
-1.516504787300000032e+02 5.829349731000009882e+01
-1.516481431050000026e+02 5.828616702400010041e+01
-1.516478107270000066e+02 5.828466683100000267e+01
-1.516464812179999910e+02 5.827933081399999793e+01
-1.516461488399999951e+02 5.827833368000010239e+01
-1.516459781590000091e+02 5.827783062100009914e+01
-1.516458074800000020e+02 5.827749824300010317e+01
-1.516441455890000043e+02 5.827566567100009820e+01
-1.516434808340000018e+02 5.827466853600000007e+01
-1.516429777760000093e+02 5.827399479700009977e+01
-1.516426453969999955e+02 5.827383309900010033e+01
-1.516424747169999989e+02 5.827333004000009709e+01
-1.516423130199999889e+02 5.827249460299999839e+01
-1.516409745279999868e+02 5.826633213299999881e+01
-1.516404804530000092e+02 5.826466125900000037e+01
-1.516404804539999986e+02 5.826299936800010215e+01
-1.516403097749999915e+02 5.826099611600010064e+01
-1.516401480780000099e+02 5.825999898100010199e+01
-1.516401480780000099e+02 5.825949592300000290e+01
-1.516398157000000140e+02 5.825849878800009662e+01
-1.516396450199999890e+02 5.825783403200009758e+01
-1.516388095849999900e+02 5.825433058600000180e+01
-1.516384772080000118e+02 5.825316277100009899e+01
-1.516383155100000124e+02 5.825283039300010302e+01
-1.516379831319999880e+02 5.825199495599999722e+01
-1.516368153189999930e+02 5.824832981300009749e+01
-1.516359798839999939e+02 5.824566180499999746e+01
-1.516358092039999974e+02 5.824449399000010175e+01
-1.516338149430000044e+02 5.823182768700009859e+01
-1.516336442619999900e+02 5.823100123300000064e+01
-1.516334825650000084e+02 5.823032749400010033e+01
-1.516329795069999875e+02 5.822899798100009860e+01
-1.516326471289999915e+02 5.822849492200000299e+01
-1.516324764489999950e+02 5.822800084699999701e+01
-1.516323147509999956e+02 5.822732710700010017e+01
-1.516323147520000134e+02 5.822666235100010113e+01
-1.516321440709999990e+02 5.822632997300009805e+01
-1.516321440719999885e+02 5.822549453599999936e+01
-1.516323147530000028e+02 5.822516215700009923e+01
-1.516333118889999980e+02 5.822182939300009963e+01
-1.516338149489999978e+02 5.822016750200000246e+01
-1.516341473269999938e+02 5.821933206500010272e+01
-1.516343090249999932e+02 5.821899968700009964e+01
-1.516346414040000070e+02 5.821866730900009657e+01
-1.516408128610000006e+02 5.821132804200009758e+01
-1.516408128610000006e+02 5.821116634399999867e+01
-1.516411452399999860e+02 5.821083396600010218e+01
-1.516446486870000001e+02 5.820666576500010336e+01
-1.516454751409999915e+02 5.820566863100000177e+01
-1.516551500459999886e+02 5.819382878400009673e+01
-1.516554824240000130e+02 5.819349640600010076e+01
-1.516561471809999944e+02 5.819216689299999956e+01
-1.516563088789999938e+02 5.819199621300000302e+01
-1.516593092669999976e+02 5.818899582699999939e+01
-1.516686428110000122e+02 5.817782971900000177e+01
-1.516688134910000088e+02 5.817766802199999887e+01
-1.516694782479999901e+02 5.817683258500009913e+01
-1.516711491240000100e+02 5.817299676200010339e+01
-1.516756497060000015e+02 5.816699598900000012e+01
-1.516766468410000073e+02 5.816616953599999817e+01
-1.516771319339999877e+02 5.816579224200010145e+01
-1.516771319339999877e+02 5.816579224200010145e+01
-1.516774193969999942e+02 5.816541494700000214e+01
-1.516875344780000034e+02 5.815233542000000000e+01
-1.517182300599999962e+02 5.812903302200000155e+01
-1.517207453549999912e+02 5.812757774500010299e+01
-1.517208351870000058e+02 5.812760469500010174e+01
-1.517247877920000008e+02 5.812640094700000049e+01
-1.517281744569999944e+02 5.812542178000010296e+01
-1.517304561880000051e+02 5.812436176300010260e+01
-1.517326480890000084e+02 5.812188240199999711e+01
-1.517357293249999941e+02 5.812041814200009782e+01
-1.517357293249999941e+02 5.812041814200009782e+01
-1.517376427449999881e+02 5.811933117700009888e+01
-1.517478117219999945e+02 5.811432753999999790e+01
-1.518191472739999881e+02 5.807850257600009769e+01
-1.518431503719999967e+02 5.806616865600010158e+01
-1.518819757420000087e+02 5.804600139400000103e+01
-1.518841496750000033e+02 5.804483357900009821e+01
-1.518926477779999971e+02 5.804000062200000087e+01
-1.519688162900000066e+02 5.800066323200010032e+01
-1.519746463829999925e+02 5.799766284600009669e+01
-1.519768113339999900e+02 5.799649503100010151e+01
-1.519858124950000047e+02 5.799282989000010247e+01
-1.519896483189999969e+02 5.799099731900000165e+01
-1.520141454920000115e+02 5.797916645800010116e+01
-1.520454788769999936e+02 5.796283501700000329e+01
-1.520529798450000101e+02 5.795882851500009991e+01
-1.520614779480000038e+02 5.795466929800009837e+01
-1.520633105199999875e+02 5.795366317999999950e+01
-1.520764798829999904e+02 5.794666527500000086e+01
-1.520792287419999980e+02 5.794533576200009861e+01
-1.520792287419999980e+02 5.794533576200009861e+01
-1.521017855450000127e+02 5.793230115300009686e+01
-1.521178027390000125e+02 5.792819077299999719e+01
-1.521464669080000078e+02 5.791867671400009954e+01
-1.521765436850000128e+02 5.791346340799999837e+01
-1.521809248959999934e+02 5.791282191100000176e+01
-1.521909878490000096e+02 5.791019944700010313e+01
-1.522179443640000045e+02 5.790281995200010101e+01
-1.522330082999999945e+02 5.789720909700000107e+01
-1.522441690290000054e+02 5.789470860800000196e+01
-1.522558176610000089e+02 5.788934170200010243e+01
-1.522666734519999920e+02 5.788592639899999881e+01
-1.522780781310000009e+02 5.788495059899999973e+01
-1.522880191099999934e+02 5.787964468000009788e+01
-1.522922882420000121e+02 5.787799801700000302e+01
-1.522999116910000055e+02 5.787592444000009806e+01
-1.523107674819999886e+02 5.787299703700009701e+01
-1.523269291949999911e+02 5.786622741800010061e+01
-1.523291142619999903e+02 5.785210822300010136e+01
-1.523257096359999991e+02 5.784543371000010126e+01
-1.523244047059999957e+02 5.783962192500010246e+01
-1.523251598870000123e+02 5.783800557400009978e+01
-1.523425082169999882e+02 5.782566170500010116e+01
-1.523535034170000131e+02 5.782048530800010155e+01
