-1.515465766009999982e+02 5.963833142499999695e+01
-1.516021936660000051e+02 5.962492149000009789e+01
-1.516292891589999954e+02 5.962011375800010171e+01
-1.516715961529999959e+02 5.961795005900010125e+01
-1.517205581800000118e+02 5.961530534799999970e+01
-1.517604883760000121e+02 5.961314133900000201e+01
-1.517733230819999903e+02 5.961266043000009773e+01
-1.517894853070000067e+02 5.960736995500010238e+01
-1.518008939389999910e+02 5.959895157100000063e+01
-1.518099257720000139e+02 5.959462129500010263e+01
-1.518156300869999882e+02 5.959317774600000206e+01
-1.519411249880000128e+02 5.959029048100010328e+01
-1.520238375369999915e+02 5.958860613000010176e+01
-1.520651938110000003e+02 5.958716232900010112e+01
-1.520747010000000046e+02 5.958836550800000254e+01
-1.520922892989999866e+02 5.959029050499999869e+01
-1.521132051159999889e+02 5.959029050899999902e+01
-1.521973437419999868e+02 5.958932803800009737e+01
-1.522125552450000043e+02 5.958956866400009744e+01
-1.522691230160000089e+02 5.959871108800010120e+01
-1.522781548460000067e+02 5.959822997200009809e+01
-1.523242647229999989e+02 5.958547784900000011e+01
-1.523342472719999989e+02 5.958475588700000003e+01
-1.523489834160000100e+02 5.958379324800009869e+01
-1.524635450559999867e+02 5.957103566000009920e+01
-1.525110810070000014e+02 5.956525704700000290e+01
-1.525248664320000103e+02 5.956525704900010254e+01
-1.525386518550000119e+02 5.956718336900009803e+01
-1.525647966269999927e+02 5.956501625800009947e+01
-1.526313469559999874e+02 5.955923661500000321e+01
-1.526517874129999939e+02 5.955923661800009938e+01
-1.526708017930000096e+02 5.955875493900000350e+01
-1.527069291120000116e+02 5.955923662700009658e+01
-1.529816868869999951e+02 5.955730989799999975e+01
-1.530895934890000092e+02 5.955490129600009652e+01
-1.533576962330000129e+02 5.955273343300009969e+01
-1.533667280630000107e+02 5.955369696500000032e+01
-1.534266233440000065e+02 5.957416548399999812e+01
-1.535350052809999966e+02 5.961025604900000019e+01
-1.535844426580000004e+02 5.962588326700009844e+01
-1.535982280759999981e+02 5.963621727499999992e+01
-1.536115381330000105e+02 5.964967074900010147e+01
-1.536129642040000078e+02 5.966095789300000263e+01
-1.536148656340000116e+02 5.967440144700000104e+01
-1.536172424289999867e+02 5.967872144500010023e+01
-1.536205699440000103e+02 5.968088123600009709e+01
-1.536297919170000057e+02 5.968215304900009954e+01
